0.0033445,5.1838e-05,0.0060787
0.006689,5.2091e-05,0.0062712
0.010033,5.2346e-05,0.0064696
0.013378,5.2602e-05,0.0066742
0.016722,5.2859e-05,0.0068852
0.020067,5.3117e-05,0.0071026
0.023411,5.3377e-05,0.0073266
0.026756,5.3639e-05,0.0075574
0.0301,5.3902e-05,0.007795
0.033445,5.4167e-05,0.0080398
0.036789,5.4433e-05,0.0082917
0.040134,5.4701e-05,0.008551
0.043478,5.497e-05,0.0088178
0.046823,5.5241e-05,0.0090922
0.050167,5.5514e-05,0.0093744
0.053512,5.5789e-05,0.0096645
0.056856,5.6065e-05,0.0099627
0.060201,5.6344e-05,0.010269
0.063545,5.6624e-05,0.010584
0.06689,5.6907e-05,0.010907
0.070234,5.7191e-05,0.011238
0.073579,5.7477e-05,0.011579
0.076923,5.7766e-05,0.011928
0.080268,5.8057e-05,0.012286
0.083612,5.835e-05,0.012653
0.086957,5.8645e-05,0.013029
0.090301,5.8942e-05,0.013414
0.093645,5.9242e-05,0.013809
0.09699,5.9544e-05,0.014213
0.10033,5.9849e-05,0.014626
0.10368,6.0156e-05,0.015048
0.10702,6.0466e-05,0.01548
0.11037,6.0778e-05,0.015922
0.11371,6.1094e-05,0.016373
0.11706,6.1412e-05,0.016833
0.1204,6.1732e-05,0.017303
0.12375,6.2056e-05,0.017782
0.12709,6.2382e-05,0.018271
0.13043,6.2712e-05,0.018769
0.13378,6.3044e-05,0.019276
0.13712,6.3379e-05,0.019794
0.14047,6.3717e-05,0.020323
0.14381,6.4058e-05,0.020862
0.14716,6.4402e-05,0.021412
0.1505,6.4748e-05,0.021973
0.15385,6.5097e-05,0.022546
0.15719,6.5449e-05,0.023132
0.16054,6.5803e-05,0.023731
0.16388,6.616e-05,0.024342
0.16722,6.6519e-05,0.024968
0.17057,6.6881e-05,0.025607
0.17391,6.7245e-05,0.026262
0.17726,6.7612e-05,0.026932
0.1806,6.7981e-05,0.027619
0.18395,6.8352e-05,0.028322
0.18729,6.8725e-05,0.029043
0.19064,6.9101e-05,0.029782
0.19398,6.9479e-05,0.030541
0.19732,6.9859e-05,0.031319
0.20067,7.0241e-05,0.032119
0.20401,7.0625e-05,0.032941
0.20736,7.1011e-05,0.033786
0.2107,7.1399e-05,0.034655
0.21405,7.1788e-05,0.035549
0.21739,7.2179e-05,0.03647
0.22074,7.2572e-05,0.037419
0.22408,7.2967e-05,0.038397
0.22742,7.3363e-05,0.039406
0.23077,7.376e-05,0.040447
0.23411,7.4159e-05,0.041523
0.23746,7.456e-05,0.042633
0.2408,7.4961e-05,0.043782
0.24415,7.5364e-05,0.044969
0.24749,7.5768e-05,0.046199
0.25084,7.6172e-05,0.047472
0.25418,7.6578e-05,0.04879
0.25753,7.6985e-05,0.050154
0.26087,7.7392e-05,0.051562
0.26421,7.7801e-05,0.053015
0.26756,7.821e-05,0.054511
0.2709,7.862e-05,0.05605
0.27425,7.9031e-05,0.057632
0.27759,7.9442e-05,0.059253
0.28094,7.9854e-05,0.060913
0.28428,8.0266e-05,0.062611
0.28763,8.0679e-05,0.064343
0.29097,8.1093e-05,0.066108
0.29431,8.1506e-05,0.067903
0.29766,8.1921e-05,0.069725
0.301,8.2335e-05,0.07157
0.30435,8.275e-05,0.073435
0.30769,8.3165e-05,0.075317
0.31104,8.358e-05,0.07721
0.31438,8.3996e-05,0.07911
0.31773,8.4411e-05,0.081011
0.32107,8.4826e-05,0.082909
0.32441,8.5242e-05,0.084798
0.32776,8.5657e-05,0.086671
0.3311,8.6072e-05,0.088522
0.33445,8.6487e-05,0.090344
0.33779,8.6901e-05,0.09213
0.34114,8.7316e-05,0.093873
0.34448,8.7729e-05,0.095565
0.34783,8.8143e-05,0.097198
0.35117,8.8556e-05,0.098764
0.35452,8.8968e-05,0.10026
0.35786,8.9379e-05,0.10166
0.3612,8.979e-05,0.10298
0.36455,9.02e-05,0.1042
0.36789,9.0609e-05,0.10531
0.37124,9.1017e-05,0.1063
0.37458,9.1425e-05,0.10717
0.37793,9.1831e-05,0.10791
0.38127,9.2236e-05,0.10852
0.38462,9.264e-05,0.10901
0.38796,9.3043e-05,0.10937
0.3913,9.3445e-05,0.10962
0.39465,9.3845e-05,0.10975
0.39799,9.4245e-05,0.10978
0.40134,9.4643e-05,0.10971
0.40468,9.504e-05,0.10955
0.40803,9.5436e-05,0.10929
0.41137,9.583e-05,0.10896
0.41472,9.6224e-05,0.10856
0.41806,9.6616e-05,0.10808
0.4214,9.7007e-05,0.10755
0.42475,9.7396e-05,0.10696
0.42809,9.7785e-05,0.10633
0.43144,9.8171e-05,0.10565
0.43478,9.8557e-05,0.10494
0.43813,9.8941e-05,0.10421
0.44147,9.9324e-05,0.10345
0.44482,9.9706e-05,0.10268
0.44816,0.00010009,0.1019
0.45151,0.00010046,0.10111
0.45485,0.00010084,0.10033
0.45819,0.00010122,0.099559
0.46154,0.00010159,0.098799
0.46488,0.00010197,0.098057
0.46823,0.00010234,0.09734
0.47157,0.00010271,0.09665
0.47492,0.00010308,0.095994
0.47826,0.00010344,0.095375
0.48161,0.00010381,0.094798
0.48495,0.00010417,0.094268
0.48829,0.00010453,0.09379
0.49164,0.0001049,0.093366
0.49498,0.00010525,0.093003
0.49833,0.00010561,0.092703
0.50167,0.00010597,0.092472
0.50502,0.00010632,0.092309
0.50836,0.00010668,0.092211
0.51171,0.00010703,0.092172
0.51505,0.00010738,0.092189
0.51839,0.00010773,0.092257
0.52174,0.00010807,0.092373
0.52508,0.00010842,0.092532
0.52843,0.00010876,0.092731
0.53177,0.0001091,0.092966
0.53512,0.00010944,0.093233
0.53846,0.00010978,0.093528
0.54181,0.00011011,0.093847
0.54515,0.00011045,0.094186
0.54849,0.00011078,0.094541
0.55184,0.00011111,0.094909
0.55518,0.00011144,0.095284
0.55853,0.00011177,0.095663
0.56187,0.00011209,0.096042
0.56522,0.00011241,0.096416
0.56856,0.00011273,0.096781
0.57191,0.00011305,0.097132
0.57525,0.00011337,0.097465
0.5786,0.00011368,0.097776
0.58194,0.000114,0.098059
0.58528,0.00011431,0.098311
0.58863,0.00011462,0.098526
0.59197,0.00011492,0.0987
0.59532,0.00011523,0.098828
0.59866,0.00011553,0.098907
0.60201,0.00011583,0.09893
0.60535,0.00011613,0.098894
0.6087,0.00011642,0.098794
0.61204,0.00011672,0.098627
0.61538,0.00011701,0.098387
0.61873,0.0001173,0.098072
0.62207,0.00011758,0.097678
0.62542,0.00011787,0.097201
0.62876,0.00011815,0.096641
0.63211,0.00011843,0.096001
0.63545,0.00011871,0.095287
0.6388,0.00011898,0.094504
0.64214,0.00011925,0.093659
0.64548,0.00011953,0.092756
0.64883,0.00011979,0.091802
0.65217,0.00012006,0.090801
0.65552,0.00012032,0.089759
0.65886,0.00012058,0.088682
0.66221,0.00012084,0.087573
0.66555,0.0001211,0.086439
0.6689,0.00012136,0.085284
0.67224,0.00012161,0.084113
0.67559,0.00012186,0.08293
0.67893,0.00012211,0.081739
0.68227,0.00012235,0.080544
0.68562,0.0001226,0.07935
0.68896,0.00012284,0.078159
0.69231,0.00012308,0.076976
0.69565,0.00012331,0.075804
0.699,0.00012355,0.074645
0.70234,0.00012378,0.073503
0.70569,0.00012401,0.07238
0.70903,0.00012424,0.071279
0.71237,0.00012446,0.070202
0.71572,0.00012469,0.069151
0.71906,0.00012491,0.068128
0.72241,0.00012513,0.067136
0.72575,0.00012534,0.066176
0.7291,0.00012556,0.06525
0.73244,0.00012577,0.064358
0.73579,0.00012598,0.063504
0.73913,0.00012619,0.062687
0.74247,0.0001264,0.06191
0.74582,0.0001266,0.061174
0.74916,0.0001268,0.060479
0.75251,0.000127,0.059827
0.75585,0.0001272,0.059217
0.7592,0.0001274,0.058646
0.76254,0.00012759,0.058113
0.76589,0.00012778,0.057615
0.76923,0.00012797,0.057152
0.77258,0.00012816,0.056721
0.77592,0.00012835,0.05632
0.77926,0.00012853,0.055948
0.78261,0.00012871,0.055605
0.78595,0.00012889,0.055287
0.7893,0.00012907,0.054994
0.79264,0.00012924,0.054725
0.79599,0.00012942,0.054478
0.79933,0.00012959,0.054253
0.80268,0.00012976,0.054048
0.80602,0.00012993,0.053861
0.80936,0.00013009,0.053693
0.81271,0.00013026,0.053541
0.81605,0.00013042,0.053406
0.8194,0.00013058,0.053285
0.82274,0.00013074,0.053178
0.82609,0.00013089,0.053084
0.82943,0.00013105,0.053002
0.83278,0.0001312,0.05293
0.83612,0.00013135,0.05287
0.83946,0.0001315,0.052818
0.84281,0.00013164,0.052775
0.84615,0.00013179,0.052739
0.8495,0.00013193,0.052709
0.85284,0.00013207,0.052686
0.85619,0.00013221,0.052667
0.85953,0.00013235,0.052652
0.86288,0.00013248,0.05264
0.86622,0.00013261,0.052631
0.86957,0.00013275,0.052622
0.87291,0.00013288,0.052615
0.87625,0.000133,0.052606
0.8796,0.00013313,0.052597
0.88294,0.00013325,0.052587
0.88629,0.00013338,0.052577
0.88963,0.0001335,0.052565
0.89298,0.00013362,0.052552
0.89632,0.00013374,0.052539
0.89967,0.00013385,0.052525
0.90301,0.00013397,0.05251
0.90635,0.00013408,0.052495
0.9097,0.00013419,0.052478
0.91304,0.00013431,0.052462
0.91639,0.00013442,0.052444
0.91973,0.00013452,0.052426
0.92308,0.00013463,0.052407
0.92642,0.00013474,0.052388
0.92977,0.00013484,0.052368
0.93311,0.00013495,0.052348
0.93645,0.00013505,0.052327
0.9398,0.00013515,0.052305
0.94314,0.00013526,0.052284
0.94649,0.00013536,0.052262
0.94983,0.00013546,0.052239
0.95318,0.00013556,0.052216
0.95652,0.00013565,0.052193
0.95987,0.00013575,0.052169
0.96321,0.00013585,0.052145
0.96656,0.00013595,0.052121
0.9699,0.00013604,0.052097
0.97324,0.00013614,0.052072
0.97659,0.00013624,0.052048
0.97993,0.00013633,0.052023
0.98328,0.00013643,0.051998
0.98662,0.00013652,0.051972
0.98997,0.00013662,0.051947
0.99331,0.00013671,0.051922
0.99666,0.00013681,0.051897
